image_width: 640
image_height: 480
camera_name: cameraRight
camera_matrix:
  rows: 3
  cols: 3
  data: [720.0681591,  0.0, 379.02347478, 0.0, 717.12140849, 257.00681984, 0.0, 0.0, 1.0]
distortion_model: plumb_bob
distortion_coefficients:
  rows: 1
  cols: 5
  data: [0.0402067452,  0.150655900,  -3.37913054e-03,  -4.86151024e-04 -0.659385174]
rectification_matrix:
  rows: 3
  cols: 3
  data: [0.99965373,  0.00519091, -0.02579698, -0.00511681,  0.9999826,   0.00293732, 0.02581178, -0.0028043,  0.99966289]
projection_matrix:
  rows: 3
  cols: 4
  data: [713.35945501, 0.0, 402.40662384, -42.26727852, 0.0, 713.35945501, 255.02067757, 0.0, 0.0, 0.0, 1.0, 0.0]
