image_width: 640
image_height: 480
camera_name: cameraLeft
camera_matrix:
  rows: 3
  cols: 3
  data: [716.06361638,  0.0, 374.18818936, 0.0, 713.35945501, 256.35217316, 0.0, 0.0, 1.0]
distortion_model: plumb_bob
distortion_coefficients:
  rows: 1
  cols: 5
  data: [0.03883334,  0.11445547, -0.00533956, -0.00120962, -0.48100927]
rectification_matrix:
  rows: 3
  cols: 3
  data: [0.99980439,  0.00498501, -0.01913982, -0.00503994,  0.99998331, -0.00282296, 0.01912543,  0.00291887,  0.99981283]
projection_matrix:
  rows: 3
  cols: 4
  data: [713.35945501, 0.0, 390.717453, 0.0, 0.0, 713.35945501, 255.02067757, 0.0, 0.0, 0.0, 1.0, 0.0]
